./h1 -c 8 -i /data/jblomer/data/calibration/h1dstX10~none.ntuple (0)	(0)	(0)	(0)	(0)	(0)
realtime: .34640800000000000000	.36227800000000000000	.34216400000000000000	.34363800000000000000	.36049100000000000000	.34746300000000000000
usertime: 0.29	0.31	0.30	0.28	0.30	0.28
kerneltime: 0.85	0.85	0.85	0.83	0.82	0.86
rssmax: 61008	61008	61064	61008	51748	61008
memavg 0	0	0	0	0	0
nswitch: 2	14	4	3	9	4
nwait: 4011	3920	3991	4014	4006	3993
nread: 1105976	1105960	1105984	1105984	1105984	1105984
nwrite: 0	0	0	0	0	0
