./h1 -c 4 -i /data/jblomer/data/calibration/h1dstX10~zstd.ntuple (0)	(0)	(0)	(0)	(0)	(0)
realtime: .44648200000000000000	.47242200000000000000	.45778900000000000000	.45503500000000000000	.44342700000000000000	.46906800000000000000
usertime: 0.51	0.55	0.54	0.50	0.50	0.54
kerneltime: 0.39	0.39	0.37	0.40	0.38	0.38
rssmax: 42492	42492	42488	42508	42492	42492
memavg 0	0	0	0	0	0
nswitch: 4	3	3	3	3	4
nwait: 2912	2890	2913	2913	2890	2936
nread: 808264	808264	808264	808264	808264	808264
nwrite: 0	0	0	0	0	0
