./cms -c 32 -i /data/jblomer/data/calibration/ttjet_13tev_june2019~none.ntuple (0)	(0)	(0)	(0)	(0)	(0)
realtime: .07645100000000000000	.07201400000000000000	.07286700000000000000	.06768400000000000000	.07590100000000000000	.07658400000000000000
usertime: 0.15	0.13	0.13	0.12	0.13	0.12
kerneltime: 0.24	0.23	0.24	0.23	0.22	0.24
rssmax: 50360	52196	52192	52472	52452	50092
memavg 0	0	0	0	0	0
nswitch: 1	2	1	3	2	2
nwait: 2639	2644	2526	2650	2604	2591
nread: 231592	231592	232016	231592	231592	231592
nwrite: 0	0	0	0	0	0
