./h1 -c 1 -i /data/jblomer/data/calibration/h1dstX10~zstd.ntuple (0)	(0)	(0)	(0)	(0)	(0)
realtime: .68068200000000000000	.71331800000000000000	.66969300000000000000	.63783900000000000000	.67731700000000000000	.68433400000000000000
usertime: 0.61	0.62	0.58	0.51	0.58	0.60
kerneltime: 0.30	0.31	0.30	0.30	0.32	0.30
rssmax: 42232	42360	42428	42428	42232	42360
memavg 0	0	0	0	0	0
nswitch: 3	3	6	3	1	6
nwait: 2813	2800	2815	2827	2808	2837
nread: 800664	800664	800696	800568	800608	800608
nwrite: 0	0	0	0	0	0
