ntuple+direct-lz4 1.78203700000000000000 1.73507200000000000000 1.85783400000000000000 1.74431800000000000000 1.77785100000000000000 1.97028100000000000000
root+direct-lz4 2.32730100000000000000 2.48776500000000000000 2.32255600000000000000 2.44352900000000000000 2.47307000000000000000 2.38987600000000000000
ntuple+direct-lzma 1.75495500000000000000 1.73329500000000000000 1.81256800000000000000 1.73322400000000000000 1.72801000000000000000 1.71357900000000000000
root+direct-lzma 3.33229800000000000000 3.13179200000000000000 3.17027700000000000000 3.30171100000000000000 3.13790100000000000000 3.14699100000000000000
ntuple+direct-none 2.19348900000000000000 2.29539800000000000000 2.14889900000000000000 2.16577500000000000000 2.16567900000000000000 2.16581900000000000000
root+direct-none 2.98486100000000000000 2.99082800000000000000 2.97585200000000000000 2.95356300000000000000 2.96032800000000000000 2.96822800000000000000
ntuple+direct-zlib 1.84870400000000000000 1.84486400000000000000 1.84447600000000000000 1.85096400000000000000 1.85727300000000000000 1.83592600000000000000
root+direct-zlib 2.30919000000000000000 2.31685300000000000000 2.37412900000000000000 2.38596400000000000000 2.36132300000000000000 2.36765900000000000000
ntuple+direct-zstd 1.95485200000000000000 1.79197000000000000000 1.94658000000000000000 1.92813800000000000000 1.80048500000000000000 1.94655000000000000000
root+direct-zstd 2.30118100000000000000 2.32005200000000000000 2.22764800000000000000 2.21202700000000000000 2.21852200000000000000 2.28884300000000000000
