./h1 -c1 -i /data/jblomer/data/calibration/h1dstX10~lz4.ntuple (0)	(0)	(0)	(0)	(0)	(0)
realtime: .66142300000000000000	.66705900000000000000	.65451200000000000000	.67461900000000000000	.67849100000000000000	.68868800000000000000
usertime: 0.47	0.47	0.48	0.50	0.48	0.50
kerneltime: 0.36	0.39	0.34	0.36	0.37	0.39
rssmax: 52304	52300	52300	52300	52300	52300
memavg 0	0	0	0	0	0
nswitch: 4	3	2	1	1	5
nwait: 2750	2730	2780	2710	2717	2731
nread: 935344	935240	935240	935240	935240	935240
nwrite: 0	0	0	0	0	0
