./h1 -c1 -i /data/jblomer/data/calibration/h1dstX10~none.ntuple (0)	(0)	(0)	(0)	(0)	(0)
realtime: .84971300000000000000	.84465700000000000000	.84442400000000000000	.87093600000000000000	.84061200000000000000	.85194900000000000000
usertime: 0.27	0.31	0.33	0.33	0.27	0.28
kerneltime: 0.48	0.45	0.48	0.49	0.47	0.48
rssmax: 58816	58748	58748	58780	58840	58816
memavg 0	0	0	0	0	0
nswitch: 1	2	1	3	5	8
nwait: 3637	3632	3635	3557	3644	3634
nread: 1105976	1105976	1105984	1105984	1105960	1105864
nwrite: 0	0	0	0	0	0
