ntuple+direct-lz4 .50198400000000000000 .47518600000000000000 .48061800000000000000 .49109100000000000000 .48913100000000000000 .49273700000000000000
root+direct-lz4 1.24722900000000000000 1.28033800000000000000 1.16989900000000000000 1.15843600000000000000 1.49726500000000000000 1.43121500000000000000
ntuple+direct-lzma 43.00542300000000000000 43.06303200000000000000 43.06679600000000000000 43.07090300000000000000 42.97998100000000000000 42.94350200000000000000
root+direct-lzma 43.17766200000000000000 43.25685400000000000000 42.80246800000000000000 42.78237300000000000000 42.69775200000000000000 43.25788200000000000000
ntuple+direct-none .31187800000000000000 .34151900000000000000 .33719800000000000000 .33263400000000000000 .26020800000000000000 .29896200000000000000
root+direct-none 1.04072600000000000000 1.01512900000000000000 1.04460500000000000000 .97652900000000000000 .97696200000000000000 1.02670400000000000000
ntuple+direct-zlib 4.14134900000000000000 4.08261200000000000000 4.02263200000000000000 4.05927900000000000000 4.09495400000000000000 4.02244100000000000000
root+direct-zlib 5.18877900000000000000 5.09833000000000000000 5.09563800000000000000 5.22487800000000000000 5.16499600000000000000 5.09329600000000000000
ntuple+direct-zstd 1.39874000000000000000 1.42281300000000000000 1.40845000000000000000 1.39246500000000000000 1.41120500000000000000 1.39585400000000000000
root+direct-zstd 2.12066800000000000000 2.31349100000000000000 2.17165700000000000000 2.14794800000000000000 2.35578100000000000000 2.21201200000000000000
