./cms -c 64 -i /data/jblomer/data/calibration/ttjet_13tev_june2019~zstd.ntuple (0)	(0)	(0)	(0)	(0)	(0)
realtime: .08688500000000000000	.08776900000000000000	.08738500000000000000	.08686700000000000000	.08643400000000000000	.08715400000000000000
usertime: 0.17	0.19	0.18	0.18	0.18	0.17
kerneltime: 0.17	0.16	0.15	0.15	0.14	0.16
rssmax: 48468	48472	48468	48472	48468	48468
memavg 0	0	0	0	0	0
nswitch: 5	2	1	4	1	1
nwait: 2246	2245	2224	2210	2198	2212
nread: 95448	95448	95448	95296	95448	95448
nwrite: 0	0	0	0	0	0
