./h1 -c 1 -i /data/jblomer/data/calibration/h1dstX10~none.ntuple (0)	(0)	(0)	(0)	(0)	(0)
realtime: .83180300000000000000	.83569700000000000000	.83313300000000000000	.81120500000000000000	.83991400000000000000	.84405400000000000000
usertime: 0.33	0.30	0.34	0.29	0.31	0.32
kerneltime: 0.47	0.49	0.46	0.45	0.49	0.48
rssmax: 58748	58744	58748	58836	58784	58780
memavg 0	0	0	0	0	0
nswitch: 2	7	3	2	3	2
nwait: 3533	3528	3536	3582	3536	3541
nread: 1106072	1106072	1106040	1106040	1106072	1106072
nwrite: 0	0	0	0	0	0
