./cms -c1 -i /data/jblomer/data/calibration/ttjet_13tev_june2019~none.root (0)	(0)	(0)	(0)	(0)	(0)
realtime: .32285700000000000000	.32375600000000000000	.33282500000000000000	.32362300000000000000	.32607600000000000000	.32728300000000000000
usertime: 0.63	0.60	0.65	0.63	0.64	0.63
kerneltime: 0.42	0.41	0.40	0.41	0.44	0.43
rssmax: 219440	220996	219928	219004	220988	219524
memavg 0	0	0	0	0	0
nswitch: 31	27	29	28	28	28
nwait: 3940	4052	4053	4012	3900	4007
nread: 756592	756600	756304	756360	756504	756224
nwrite: 0	0	0	0	0	0
