cms+mmap-none .78272200000000000000 .65234200000000000000 .72210900000000000000 .64487100000000000000 .81865400000000000000 .70093500000000000000
lhcb+mmap-none 4.13435500000000000000 4.11036700000000000000 4.25236600000000000000 4.06466400000000000000 4.09808900000000000000 4.10498000000000000000
lhcb+mmap-lz4 3.00134300000000000000 2.85817900000000000000 2.88235900000000000000 2.79793500000000000000 3.33280500000000000000 3.09730000000000000000
cms+mmap-lz4 .48552700000000000000 .51057700000000000000 .56588400000000000000 .44373500000000000000 .55805100000000000000 .47624400000000000000
h1X10+mmap-none 3.34860100000000000000 3.23217700000000000000 2.95527800000000000000 3.66035900000000000000 3.23047400000000000000 3.24769000000000000000
h1X10+mmap-lz4 2.90822000000000000000 2.89202500000000000000 3.22414900000000000000 3.35306500000000000000 2.99234400000000000000 2.90328100000000000000
lhcb+direct-none 1.26238700000000000000 1.32710800000000000000 1.36223700000000000000 1.19647000000000000000 1.39940900000000000000 1.32221000000000000000
lhcb+direct-lz4 1.21034100000000000000 1.26829900000000000000 1.18321900000000000000 1.26798000000000000000 1.26713100000000000000 1.12979800000000000000
cms+direct-none .29597800000000000000 .28857900000000000000 .28714600000000000000 .32367900000000000000 .27993700000000000000 .27078400000000000000
cms+direct-lz4 .23020800000000000000 .23580800000000000000 .20972500000000000000 .17588600000000000000 .21646600000000000000 .19206800000000000000
h1X10+direct-none 1.55150200000000000000 1.54350100000000000000 1.75316100000000000000 1.61956200000000000000 1.67734700000000000000 1.70924200000000000000
h1X10+direct-lz4 1.50021600000000000000 1.45577700000000000000 1.60720100000000000000 1.74904900000000000000 1.74368500000000000000 1.63290700000000000000
