./h1 -c 2 -i /data/jblomer/data/calibration/h1dstX10~none.ntuple (0)	(0)	(0)	(0)	(0)	(0)
realtime: .51954900000000000000	.53583200000000000000	.52131200000000000000	.54020100000000000000	.53291700000000000000	.53513300000000000000
usertime: 0.31	0.32	0.34	0.31	0.32	0.33
kerneltime: 0.53	0.53	0.49	0.55	0.54	0.54
rssmax: 58840	58900	58832	58916	58900	58840
memavg 0	0	0	0	0	0
nswitch: 1	3	3	2	7	4
nwait: 3771	3738	3749	3723	3777	3723
nread: 1106072	1106080	1106080	1106080	1106048	1106080
nwrite: 0	0	0	0	0	0
