./cms -c 16 -i /data/jblomer/data/calibration/ttjet_13tev_june2019~none.ntuple (0)	(0)	(0)	(0)	(0)	(0)
realtime: .07352500000000000000	.07609100000000000000	.07696400000000000000	.07562600000000000000	.07211900000000000000	.07538700000000000000
usertime: 0.11	0.13	0.13	0.13	0.12	0.13
kerneltime: 0.21	0.20	0.21	0.21	0.20	0.22
rssmax: 52204	52200	52204	52188	50108	52180
memavg 0	0	0	0	0	0
nswitch: 1	9	2	2	3	3
nwait: 1613	1696	1644	1734	1798	1712
nread: 231584	231584	231584	231584	231584	231584
nwrite: 0	0	0	0	0	0
