./h1 -c 16 -i /data/jblomer/data/calibration/h1dstX10~none.ntuple (0)	(0)	(0)	(0)	(0)	(0)
realtime: .33041500000000000000	.32567900000000000000	.32408700000000000000	.34513700000000000000	.31883300000000000000	.29885700000000000000
usertime: 0.28	0.28	0.29	0.29	0.26	0.26
kerneltime: 1.44	1.49	1.47	1.42	1.24	1.01
rssmax: 61296	61292	61272	61296	61272	61268
memavg 0	0	0	0	0	0
nswitch: 4	4	15	12	3	22
nwait: 4248	4168	4064	4157	4341	4443
nread: 1105816	1106024	1105872	1105864	1105872	1105872
nwrite: 0	0	0	0	0	0
