./cms -c1 -i /data/jblomer/data/calibration/ttjet_13tev_june2019~zstd.root (0)	(0)	(0)	(0)	(0)	(0)
realtime: .34065100000000000000	.33740600000000000000	.33755900000000000000	.33644600000000000000	.33515400000000000000	.33830800000000000000
usertime: 0.72	0.72	0.72	0.73	0.72	0.73
kerneltime: 0.34	0.33	0.37	0.35	0.35	0.34
rssmax: 168248	169204	167972	170888	170132	169228
memavg 0	0	0	0	0	0
nswitch: 26	29	28	29	27	28
nwait: 3077	3141	3171	3162	3207	3138
nread: 583336	583440	583456	583344	583480	583168
nwrite: 0	0	0	0	0	0
