./cms -c 2 -i /data/jblomer/data/calibration/ttjet_13tev_june2019~zstd.ntuple (0)	(0)	(0)	(0)	(0)	(0)
realtime: .08299800000000000000	.08491900000000000000	.09258300000000000000	.08388600000000000000	.08410500000000000000	.08270800000000000000
usertime: 0.16	0.18	0.19	0.17	0.17	0.17
kerneltime: 0.08	0.07	0.07	0.08	0.08	0.07
rssmax: 48472	48468	48472	48472	48468	48472
memavg 0	0	0	0	0	0
nswitch: 1	2	1	1	3	1
nwait: 1075	1071	1073	1069	1073	1077
nread: 95448	95448	95448	95440	95440	95448
nwrite: 0	0	0	0	0	0
