./cms -c1 -i /data/jblomer/data/calibration/ttjet_13tev_june2019~lz4.ntuple (0)	(0)	(0)	(0)	(0)	(0)
realtime: .13384100000000000000	.13310900000000000000	.13075800000000000000	.13423500000000000000	.13375300000000000000	.13440600000000000000
usertime: 0.16	0.17	0.16	0.16	0.16	0.17
kerneltime: 0.08	0.07	0.08	0.09	0.09	0.08
rssmax: 48424	48424	48424	48424	48424	48424
memavg 0	0	0	0	0	0
nswitch: 2	2	1	2	2	1
nwait: 1083	1080	1082	1080	1075	1082
nread: 110664	110664	110664	110664	110664	110664
nwrite: 0	0	0	0	0	0
