ntuple+direct-lz4 .13384100000000000000 .13310900000000000000 .13075800000000000000 .13423500000000000000 .13375300000000000000 .13440600000000000000
root+direct-lz4 .29672300000000000000 .29999900000000000000 .29267500000000000000 .28950600000000000000 .33472100000000000000 .29372900000000000000
ntuple+direct-lzma .96280100000000000000 .99172400000000000000 .96334000000000000000 .95733500000000000000 1.00040900000000000000 .93770900000000000000
root+direct-lzma 1.57443300000000000000 1.55595600000000000000 1.54794700000000000000 1.55423000000000000000 1.55763400000000000000 1.47378200000000000000
ntuple+direct-none .20145100000000000000 .21011400000000000000 .20813900000000000000 .20701800000000000000 .20305400000000000000 .19987000000000000000
root+direct-none .32285700000000000000 .32375600000000000000 .33282500000000000000 .32362300000000000000 .32607600000000000000 .32728300000000000000
ntuple+direct-zlib .18088500000000000000 .20269900000000000000 .18075900000000000000 .18875700000000000000 .17777400000000000000 .16990000000000000000
root+direct-zlib .52780200000000000000 .52555000000000000000 .52327700000000000000 .50823700000000000000 .52450500000000000000 .51008400000000000000
ntuple+direct-zstd .11713000000000000000 .12442600000000000000 .12548500000000000000 .12863100000000000000 .12168300000000000000 .12301000000000000000
root+direct-zstd .34065100000000000000 .33740600000000000000 .33755900000000000000 .33644600000000000000 .33515400000000000000 .33830800000000000000
