./h1 -c 64 -i /data/jblomer/data/calibration/h1dstX10~zstd.ntuple (0)	(0)	(0)	(0)	(0)	(0)
realtime: .46759900000000000000	.47597300000000000000	.45591100000000000000	.45454500000000000000	.45596400000000000000	.46067400000000000000
usertime: 0.52	0.57	0.52	0.53	0.53	0.55
kerneltime: 0.93	0.81	0.87	0.80	0.90	0.90
rssmax: 45292	45196	45292	45140	45300	45300
memavg 0	0	0	0	0	0
nswitch: 6	7	5	4	5	5
nwait: 5344	6295	5965	5838	5483	5482
nread: 845984	845984	845968	845952	845952	845952
nwrite: 0	0	0	0	0	0
