./h1 -c 32 -i /data/jblomer/data/calibration/h1dstX10~none.ntuple (0)	(0)	(0)	(0)	(0)	(0)
realtime: .31824100000000000000	.33295200000000000000	.32902300000000000000	.31900600000000000000	.32155400000000000000	.32500700000000000000
usertime: 0.27	0.31	0.29	0.28	0.28	0.28
kerneltime: 1.61	1.68	1.76	1.77	1.76	1.71
rssmax: 61552	61552	61564	61560	61564	61284
memavg 0	0	0	0	0	0
nswitch: 3	22	13	25	9	5
nwait: 4684	5225	4644	4691	4851	4734
nread: 1106080	1106080	1105984	1105872	1105944	1105984
nwrite: 0	0	0	0	0	0
