./h1 -c 2 -i /data/jblomer/data/calibration/h1dstX10~zstd.ntuple (0)	(0)	(0)	(0)	(0)	(0)
realtime: .45353300000000000000	.45053700000000000000	.46664700000000000000	.50621500000000000000	.44556600000000000000	.46916800000000000000
usertime: 0.53	0.50	0.51	0.55	0.50	0.52
kerneltime: 0.32	0.34	0.35	0.35	0.33	0.34
rssmax: 42432	42432	42448	42436	42432	42432
memavg 0	0	0	0	0	0
nswitch: 3	3	1	5	3	5
nwait: 2836	2827	2834	2864	2835	2855
nread: 808208	808264	808264	808264	808264	808264
nwrite: 0	0	0	0	0	0
