ntuple+direct-lz4 .17804600000000000000 .18488000000000000000 .18531900000000000000 .17933700000000000000 .19407400000000000000 .17699300000000000000
root+direct-lz4 .37178300000000000000 .35528900000000000000 .36227500000000000000 .34928600000000000000 .36335100000000000000 .34714300000000000000
ntuple+direct-lzma 9.52946700000000000000 9.38673800000000000000 9.55636800000000000000 9.53592500000000000000 9.41495000000000000000 9.74498600000000000000
root+direct-lzma 10.41839600000000000000 10.24659300000000000000 9.84889800000000000000 10.23517900000000000000 10.41866900000000000000 10.40387000000000000000
ntuple+direct-none .13121200000000000000 .13733800000000000000 .13616100000000000000 .12113700000000000000 .12603300000000000000 .11854200000000000000
root+direct-none .27565300000000000000 .27088600000000000000 .26380000000000000000 .31164200000000000000 .27742200000000000000 .28566000000000000000
ntuple+direct-zlib 1.24028500000000000000 1.23234200000000000000 1.27838500000000000000 1.23889100000000000000 1.28029400000000000000 1.23650900000000000000
root+direct-zlib 1.68423300000000000000 1.57376400000000000000 1.66345900000000000000 1.66411200000000000000 1.57235900000000000000 1.54671100000000000000
ntuple+direct-zstd .43393900000000000000 .44974600000000000000 .44114300000000000000 .44186700000000000000 .45191700000000000000 .43711300000000000000
root+direct-zstd .66753100000000000000 .66225100000000000000 .67387700000000000000 .62506000000000000000 .61336300000000000000 .68027200000000000000
