./h1 -c1 -i /data/jblomer/data/calibration/h1dstX10~zstd.ntuple (0)	(0)	(0)	(0)	(0)	(0)
realtime: .65646600000000000000	.74064300000000000000	.71884200000000000000	.75926900000000000000	.65691800000000000000	.70165800000000000000
usertime: 0.53	0.68	0.63	0.70	0.53	0.59
kerneltime: 0.29	0.29	0.32	0.31	0.30	0.33
rssmax: 42360	42232	42232	42428	42228	42368
memavg 0	0	0	0	0	0
nswitch: 1	2	2	3	1	2
nwait: 2838	2815	2823	2787	2837	2832
nread: 800432	800432	800432	800432	800720	800720
nwrite: 0	0	0	0	0	0
