./cms -c 8 -i /data/jblomer/data/calibration/ttjet_13tev_june2019~none.ntuple (0)	(0)	(0)	(0)	(0)	(0)
realtime: .07562200000000000000	.08074500000000000000	.07557700000000000000	.08475100000000000000	.08173000000000000000	.08846300000000000000
usertime: 0.12	0.14	0.13	0.15	0.13	0.14
kerneltime: 0.16	0.17	0.17	0.18	0.18	0.17
rssmax: 51968	51972	51920	51908	51972	49832
memavg 0	0	0	0	0	0
nswitch: 1	4	1	1	6	1
nwait: 1325	1313	1346	1324	1308	1340
nread: 242984	242984	242984	242984	242944	242976
nwrite: 0	0	0	0	0	0
