ssd cms zstd 16 .08539000000000000000 .08612400000000000000 .08562700000000000000 .10683600000000000000 .08625500000000000000 .08571500000000000000
ssd cms zstd 32 .09768900000000000000 .09713700000000000000 .08652300000000000000 .08843900000000000000 .08930100000000000000 .08876400000000000000
ssd cms none 8 .07562200000000000000 .08074500000000000000 .07557700000000000000 .08475100000000000000 .08173000000000000000 .08846300000000000000
ssd cms zstd 2 .08299800000000000000 .08491900000000000000 .09258300000000000000 .08388600000000000000 .08410500000000000000 .08270800000000000000
ssd h1X10 none 32 .31824100000000000000 .33295200000000000000 .32902300000000000000 .31900600000000000000 .32155400000000000000 .32500700000000000000
ssd lhcb zstd 64 1.41151200000000000000 1.40718700000000000000 1.47619400000000000000 1.46984700000000000000 1.43834100000000000000 1.43624000000000000000
ssd cms none 1 .20377700000000000000 .20259900000000000000 .20533500000000000000 .19891600000000000000 .20115100000000000000 .19862900000000000000
ssd cms none 64 .07830600000000000000 .07222000000000000000 .06723600000000000000 .07727500000000000000 .06711600000000000000 .07528600000000000000
ssd cms zstd 64 .08688500000000000000 .08776900000000000000 .08738500000000000000 .08686700000000000000 .08643400000000000000 .08715400000000000000
ssd h1X10 zstd 8 .46321000000000000000 .46132200000000000000 .44782600000000000000 .50072900000000000000 .45519600000000000000 .49179100000000000000
ssd lhcb zstd 32 1.45064500000000000000 1.40840800000000000000 1.43983200000000000000 1.44414200000000000000 1.40883900000000000000 1.44328800000000000000
ssd lhcb zstd 2 1.42818800000000000000 1.44584800000000000000 1.43910800000000000000 1.45298500000000000000 1.49973400000000000000 1.42832700000000000000
ssd h1X10 zstd 32 .46147500000000000000 .46166200000000000000 .45666300000000000000 .52317900000000000000 .45270000000000000000 .47017200000000000000
ssd cms zstd 4 .08435000000000000000 .08385400000000000000 .09484300000000000000 .08530300000000000000 .08404800000000000000 .09184500000000000000
ssd h1X10 zstd 2 .45353300000000000000 .45053700000000000000 .46664700000000000000 .50621500000000000000 .44556600000000000000 .46916800000000000000
ssd h1X10 none 2 .51954900000000000000 .53583200000000000000 .52131200000000000000 .54020100000000000000 .53291700000000000000 .53513300000000000000
ssd h1X10 zstd 16 .47346200000000000000 .51232100000000000000 .45559100000000000000 .46396900000000000000 .45787500000000000000 .45147200000000000000
ssd lhcb none 64 1.91001100000000000000 1.92049100000000000000 1.91112500000000000000 1.91723100000000000000 1.92846600000000000000 1.92444100000000000000
ssd lhcb zstd 8 1.43271800000000000000 1.41400100000000000000 1.43196600000000000000 1.41157200000000000000 1.44319700000000000000 1.43518200000000000000
ssd lhcb zstd 4 1.43083500000000000000 1.43935200000000000000 1.42405800000000000000 1.45350000000000000000 1.42543400000000000000 1.44019500000000000000
ssd lhcb zstd 16 1.42928500000000000000 1.48897800000000000000 1.41324000000000000000 1.44143000000000000000 1.43659100000000000000 1.42595600000000000000
ssd cms none 2 .12965600000000000000 .12263000000000000000 .12589700000000000000 .12406800000000000000 .12379000000000000000 .12531200000000000000
ssd h1X10 none 8 .34640800000000000000 .36227800000000000000 .34216400000000000000 .34363800000000000000 .36049100000000000000 .34746300000000000000
ssd cms none 32 .07645100000000000000 .07201400000000000000 .07286700000000000000 .06768400000000000000 .07590100000000000000 .07658400000000000000
ssd lhcb none 32 1.90543600000000000000 1.91879100000000000000 1.90406100000000000000 1.89175100000000000000 1.89492100000000000000 1.91589400000000000000
ssd lhcb none 2 1.87389300000000000000 1.85444400000000000000 1.87058500000000000000 1.85973600000000000000 1.87383600000000000000 1.84749600000000000000
ssd h1X10 zstd 64 .46759900000000000000 .47597300000000000000 .45591100000000000000 .45454500000000000000 .45596400000000000000 .46067400000000000000
ssd cms zstd 1 .11538300000000000000 .13382800000000000000 .11535600000000000000 .12881400000000000000 .13008300000000000000 .11778200000000000000
ssd lhcb zstd 1 1.45170300000000000000 1.40084500000000000000 1.43934000000000000000 1.43969400000000000000 1.41635000000000000000 1.43907200000000000000
ssd h1X10 zstd 4 .44648200000000000000 .47242200000000000000 .45778900000000000000 .45503500000000000000 .44342700000000000000 .46906800000000000000
ssd lhcb none 8 1.85995900000000000000 1.88977600000000000000 1.88013700000000000000 1.87773100000000000000 1.89434400000000000000 1.89291100000000000000
ssd h1X10 zstd 1 .68068200000000000000 .71331800000000000000 .66969300000000000000 .63783900000000000000 .67731700000000000000 .68433400000000000000
ssd cms none 4 .09112900000000000000 .08764000000000000000 .08890100000000000000 .09022400000000000000 .09202600000000000000 .08560000000000000000
ssd cms none 16 .07352500000000000000 .07609100000000000000 .07696400000000000000 .07562600000000000000 .07211900000000000000 .07538700000000000000
ssd lhcb none 4 1.87226000000000000000 1.87480100000000000000 1.87250800000000000000 1.88224800000000000000 1.85702100000000000000 1.88881700000000000000
ssd lhcb none 16 1.87617500000000000000 1.87834600000000000000 1.89395700000000000000 1.90267400000000000000 1.87942300000000000000 1.89600000000000000000
ssd h1X10 none 64 .31570100000000000000 .32127100000000000000 .32279500000000000000 .32377900000000000000 .30545600000000000000 .30643100000000000000
ssd h1X10 none 16 .33041500000000000000 .32567900000000000000 .32408700000000000000 .34513700000000000000 .31883300000000000000 .29885700000000000000
ssd h1X10 none 4 .40100500000000000000 .39274400000000000000 .40144500000000000000 .40003100000000000000 .40250700000000000000 .39907500000000000000
ssd lhcb none 1 1.85909900000000000000 1.84947100000000000000 1.86444000000000000000 1.83518900000000000000 1.86469900000000000000 1.85634900000000000000
ssd cms zstd 8 .08538200000000000000 .08528100000000000000 .08480300000000000000 .08471300000000000000 .10454700000000000000 .09309300000000000000
ssd h1X10 none 1 .83180300000000000000 .83569700000000000000 .83313300000000000000 .81120500000000000000 .83991400000000000000 .84405400000000000000
mem lhcb none 1 .31187800000000000000 .34151900000000000000 .33719800000000000000 .33263400000000000000 .26020800000000000000 .29896200000000000000
mem cms none 1 .03841100000000000000 .03972900000000000000 .03928100000000000000 .03891300000000000000 .03915500000000000000 .04817600000000000000
mem h1X10 none 1 .13121200000000000000 .13733800000000000000 .13616100000000000000 .12113700000000000000 .12603300000000000000 .11854200000000000000
mem lhcb zstd 1 1.39874000000000000000 1.42281300000000000000 1.40845000000000000000 1.39246500000000000000 1.41120500000000000000 1.39585400000000000000
mem cms zstd 1 .08291400000000000000 .08283800000000000000 .07906000000000000000 .08124900000000000000 .07872100000000000000 .08161600000000000000
mem h1X10 zstd 1 .43393900000000000000 .44974600000000000000 .44114300000000000000 .44186700000000000000 .45191700000000000000 .43711300000000000000
