ntuple+direct-lz4 1.32397600000000000000 1.43176000000000000000 1.40074100000000000000 1.44307200000000000000 1.45151600000000000000 1.42920500000000000000
root+direct-lz4 2.48731200000000000000 2.59067800000000000000 2.47598900000000000000 2.51329200000000000000 2.48134800000000000000 2.41938100000000000000
ntuple+direct-lzma 43.24276400000000000000 42.73522100000000000000 43.29785000000000000000 43.31739200000000000000 42.72239700000000000000 43.36244500000000000000
root+direct-lzma 43.90458500000000000000 43.90374500000000000000 44.30632800000000000000 44.20040800000000000000 44.46545100000000000000 44.30444700000000000000
ntuple+direct-none 1.90229600000000000000 1.88196000000000000000 1.91590900000000000000 1.86569700000000000000 1.91584700000000000000 1.86874400000000000000
root+direct-none 2.54508000000000000000 2.63509300000000000000 2.65156200000000000000 2.49688200000000000000 2.60028700000000000000 2.61866700000000000000
ntuple+direct-zlib 4.06918200000000000000 4.04275500000000000000 4.15467300000000000000 4.16697300000000000000 4.22487800000000000000 4.07095500000000000000
root+direct-zlib 6.33781600000000000000 6.26422200000000000000 6.40909900000000000000 6.33748500000000000000 6.37216100000000000000 6.32298000000000000000
ntuple+direct-zstd 1.41651100000000000000 1.47175000000000000000 1.47412600000000000000 1.44523800000000000000 1.42505800000000000000 1.42138500000000000000
root+direct-zstd 3.34090700000000000000 3.23761300000000000000 3.31333800000000000000 3.49463800000000000000 3.35987800000000000000 3.34278000000000000000
