./h1 -c 16 -i /data/jblomer/data/calibration/h1dstX10~zstd.ntuple (0)	(0)	(0)	(0)	(0)	(0)
realtime: .47346200000000000000	.51232100000000000000	.45559100000000000000	.46396900000000000000	.45787500000000000000	.45147200000000000000
usertime: 0.54	0.60	0.55	0.55	0.54	0.55
kerneltime: 0.66	0.71	0.67	0.62	0.67	0.66
rssmax: 44872	42756	44872	44764	44788	44508
memavg 0	0	0	0	0	0
nswitch: 5	9	10	6	4	3
nwait: 3705	3848	3765	3818	3719	3577
nread: 831128	830952	831128	831128	831128	831096
nwrite: 0	0	0	0	0	0
