ntuple+direct-lz4 4.53434500000000000000 4.60575600000000000000 4.45610700000000000000 4.57283300000000000000 4.44768400000000000000 4.48838700000000000000
root+direct-lz4 5.21681700000000000000 5.23159300000000000000 5.32408800000000000000 5.15696100000000000000 5.16501200000000000000 5.12760400000000000000
ntuple+direct-lzma 51.00820100000000000000 51.14379200000000000000 50.84058900000000000000 50.94645800000000000000 50.87710000000000000000 50.91876400000000000000
root+direct-lzma 54.17148100000000000000 54.19876700000000000000 54.25881100000000000000 54.92161400000000000000 57.45289800000000000000 54.23039100000000000000
ntuple+direct-none 5.91075300000000000000 5.96030000000000000000 5.90063600000000000000 6.09138000000000000000 5.92004600000000000000 6.00326400000000000000
root+direct-none 6.74139500000000000000 6.93054700000000000000 6.70921900000000000000 6.72606000000000000000 6.79541900000000000000 6.64529500000000000000
ntuple+direct-zlib 4.90990100000000000000 4.90296800000000000000 5.26729900000000000000 4.97710100000000000000 4.89361700000000000000 4.87971500000000000000
root+direct-zlib 9.92218900000000000000 9.73978900000000000000 9.81931300000000000000 9.84324900000000000000 9.75769800000000000000 9.98821700000000000000
ntuple+direct-zstd 4.23890300000000000000 4.06070500000000000000 3.99388600000000000000 4.02800700000000000000 4.07795500000000000000 4.06890000000000000000
root+direct-zstd 6.52315800000000000000 6.16775800000000000000 6.47682100000000000000 6.25906900000000000000 6.22678500000000000000 6.21861300000000000000
