./cms -c 1 -i /data/jblomer/data/calibration/ttjet_13tev_june2019~zstd.ntuple (0)	(0)	(0)	(0)	(0)	(0)
realtime: .11538300000000000000	.13382800000000000000	.11535600000000000000	.12881400000000000000	.13008300000000000000	.11778200000000000000
usertime: 0.16	0.20	0.16	0.18	0.20	0.16
kerneltime: 0.07	0.06	0.07	0.06	0.06	0.07
rssmax: 48472	48468	48472	48472	48472	48472
memavg 0	0	0	0	0	0
nswitch: 1	2	1	1	1	1
nwait: 1058	1051	1061	1055	1048	1059
nread: 95440	95448	95448	95448	95448	95448
nwrite: 0	0	0	0	0	0
