./h1 -c 32 -i /data/jblomer/data/calibration/h1dstX10~zstd.ntuple (0)	(0)	(0)	(0)	(0)	(0)
realtime: .46147500000000000000	.46166200000000000000	.45666300000000000000	.52317900000000000000	.45270000000000000000	.47017200000000000000
usertime: 0.55	0.53	0.54	0.61	0.54	0.56
kerneltime: 0.81	0.91	0.86	1.11	0.84	0.83
rssmax: 44876	45292	44352	45140	45320	42820
memavg 0	0	0	0	0	0
nswitch: 14	15	2	12	1	15
nwait: 5690	5664	5090	5267	5398	5258
nread: 845808	846152	846152	845984	845976	846144
nwrite: 0	0	0	0	0	0
