./h1 -c1 -i /data/jblomer/data/calibration/h1dstX10~lz4.root (0)	(0)	(0)	(0)	(0)	(0)
realtime: .94915900000000000000	.96350000000000000000	.95391600000000000000	.94354900000000000000	.94447200000000000000	.94304600000000000000
usertime: 0.88	0.88	0.93	0.85	0.90	0.89
kerneltime: 0.49	0.48	0.47	0.51	0.48	0.46
rssmax: 158224	158240	160128	158240	158244	158240
memavg 0	0	0	0	0	0
nswitch: 26	30	27	24	24	32
nwait: 4862	4921	4836	4857	4838	4897
nread: 1070640	1070616	1070440	1070568	1070560	1070592
nwrite: 0	0	0	0	0	0
