./cms -c1 -m -i /data/jblomer/data/calibration/ttjet_13tev_june2019~none.ntuple (0)	(0)	(0)	(0)	(0)	(0)
realtime: .29830100000000000000	.29655400000000000000	.28817200000000000000	.29940500000000000000	.29975200000000000000	.28834500000000000000
usertime: 0.19	0.19	0.20	0.19	0.20	0.19
kerneltime: 0.08	0.09	0.07	0.09	0.08	0.08
rssmax: 48432	48360	48368	48428	48428	48360
memavg 0	0	0	0	0	0
nswitch: 1	1	1	2	2	2
nwait: 1336	1344	1344	1318	1330	1335
nread: 143072	143072	143072	143064	143816	143816
nwrite: 0	0	0	0	0	0
