./cms -c1 -i /data/jblomer/data/calibration/ttjet_13tev_june2019~zlib.root (0)	(0)	(0)	(0)	(0)	(0)
realtime: .52780200000000000000	.52555000000000000000	.52327700000000000000	.50823700000000000000	.52450500000000000000	.51008400000000000000
usertime: 0.89	0.90	0.93	0.88	0.90	0.89
kerneltime: 0.36	0.37	0.35	0.36	0.39	0.37
rssmax: 169344	171688	169428	168952	169432	169160
memavg 0	0	0	0	0	0
nswitch: 28	30	33	32	29	28
nwait: 3385	3429	3350	3397	3413	3404
nread: 634592	634600	634528	634384	634416	634280
nwrite: 0	0	0	0	0	0
