./cms -c1 -i /data/jblomer/data/calibration/ttjet_13tev_june2019~lz4.root (0)	(0)	(0)	(0)	(0)	(0)
realtime: .29672300000000000000	.29999900000000000000	.29267500000000000000	.28950600000000000000	.33472100000000000000	.29372900000000000000
usertime: 0.65	0.63	0.66	0.63	0.70	0.66
kerneltime: 0.36	0.39	0.37	0.38	0.37	0.37
rssmax: 179916	179580	179628	179128	181924	182368
memavg 0	0	0	0	0	0
nswitch: 31	23	26	29	34	31
nwait: 3500	3515	3460	3518	3524	3458
nread: 607296	607040	607224	607048	606440	606944
nwrite: 0	0	0	0	0	0
