./cms -c 64 -i /data/jblomer/data/calibration/ttjet_13tev_june2019~none.ntuple (0)	(0)	(0)	(0)	(0)	(0)
realtime: .07830600000000000000	.07222000000000000000	.06723600000000000000	.07727500000000000000	.06711600000000000000	.07528600000000000000
usertime: 0.13	0.13	0.12	0.14	0.12	0.14
kerneltime: 0.24	0.22	0.24	0.23	0.24	0.25
rssmax: 52188	50360	52464	50356	50444	52192
memavg 0	0	0	0	0	0
nswitch: 5	3	2	3	1	7
nwait: 2686	2489	2361	2574	2129	2846
nread: 231592	231592	231592	232016	231592	231584
nwrite: 0	0	0	0	0	0
