./h1 -c 8 -i /data/jblomer/data/calibration/h1dstX10~zstd.ntuple (0)	(0)	(0)	(0)	(0)	(0)
realtime: .46321000000000000000	.46132200000000000000	.44782600000000000000	.50072900000000000000	.45519600000000000000	.49179100000000000000
usertime: 0.53	0.54	0.52	0.58	0.53	0.59
kerneltime: 0.49	0.52	0.51	0.53	0.51	0.50
rssmax: 42668	42648	44672	42652	42668	44644
memavg 0	0	0	0	0	0
nswitch: 14	2	5	5	7	18
nwait: 3028	3036	3132	3025	2996	3046
nread: 815760	815680	815744	815744	815744	815744
nwrite: 0	0	0	0	0	0
