ntuple+direct-lz4 .04670300000000000000 .04662300000000000000 .04693100000000000000 .04813500000000000000 .04688600000000000000 .04794600000000000000
root+direct-lz4 .12649900000000000000 .12175700000000000000 .12168300000000000000 .13010000000000000000 .12723100000000000000 .12843400000000000000
ntuple+direct-lzma .97216700000000000000 .93956500000000000000 .97540500000000000000 .93796900000000000000 .97390800000000000000 .97300300000000000000
root+direct-lzma 1.34002300000000000000 1.41695900000000000000 1.35406400000000000000 1.33236200000000000000 1.41199800000000000000 1.41724700000000000000
ntuple+direct-none .03841100000000000000 .03972900000000000000 .03928100000000000000 .03891300000000000000 .03915500000000000000 .04817600000000000000
root+direct-none .11291900000000000000 .11090400000000000000 .11346400000000000000 .10746600000000000000 .10801300000000000000 .11419600000000000000
ntuple+direct-zlib .17945800000000000000 .17019900000000000000 .17932400000000000000 .16998500000000000000 .17956900000000000000 .17923800000000000000
root+direct-zlib .34363000000000000000 .32426000000000000000 .34401900000000000000 .34118600000000000000 .32793000000000000000 .32447200000000000000
ntuple+direct-zstd .08291400000000000000 .08283800000000000000 .07906000000000000000 .08124900000000000000 .07872100000000000000 .08161600000000000000
root+direct-zstd .17554600000000000000 .17393800000000000000 .18752100000000000000 .17735800000000000000 .17459300000000000000 .18694300000000000000
