./cms -c 4 -i /data/jblomer/data/calibration/ttjet_13tev_june2019~zstd.ntuple (0)	(0)	(0)	(0)	(0)	(0)
realtime: .08435000000000000000	.08385400000000000000	.09484300000000000000	.08530300000000000000	.08404800000000000000	.09184500000000000000
usertime: 0.18	0.16	0.17	0.16	0.17	0.18
kerneltime: 0.09	0.09	0.08	0.09	0.07	0.08
rssmax: 48468	48472	48472	48468	48476	48468
memavg 0	0	0	0	0	0
nswitch: 5	1	2	4	1	3
nwait: 1101	1099	1104	1100	1098	1105
nread: 95448	95448	95440	95440	95448	95416
nwrite: 0	0	0	0	0	0
