./cms -c1 -i /data/jblomer/data/calibration/ttjet_13tev_june2019~zlib.ntuple (0)	(0)	(0)	(0)	(0)	(0)
realtime: .18088500000000000000	.20269900000000000000	.18075900000000000000	.18875700000000000000	.17777400000000000000	.16990000000000000000
usertime: 0.27	0.30	0.29	0.29	0.28	0.27
kerneltime: 0.07	0.06	0.06	0.07	0.06	0.06
rssmax: 48436	48436	48436	48436	48436	48436
memavg 0	0	0	0	0	0
nswitch: 1	2	1	2	1	1
nwait: 1050	1048	1040	1041	1045	1043
nread: 96136	96136	96136	96136	96136	96136
nwrite: 0	0	0	0	0	0
