./h1 -c 4 -i /data/jblomer/data/calibration/h1dstX10~none.ntuple (0)	(0)	(0)	(0)	(0)	(0)
realtime: .40100500000000000000	.39274400000000000000	.40144500000000000000	.40003100000000000000	.40250700000000000000	.39907500000000000000
usertime: 0.31	0.31	0.29	0.32	0.30	0.31
kerneltime: 0.62	0.61	0.63	0.61	0.63	0.62
rssmax: 58888	58976	58980	58904	58888	49700
memavg 0	0	0	0	0	0
nswitch: 3	9	3	6	2	9
nwait: 3849	3881	3889	3875	3871	3915
nread: 1105976	1105976	1105984	1105984	1105872	1105872
nwrite: 0	0	0	0	0	0
