./cms -c 2 -i /data/jblomer/data/calibration/ttjet_13tev_june2019~none.ntuple (0)	(0)	(0)	(0)	(0)	(0)
realtime: .12965600000000000000	.12263000000000000000	.12589700000000000000	.12406800000000000000	.12379000000000000000	.12531200000000000000
usertime: 0.15	0.16	0.15	0.16	0.16	0.15
kerneltime: 0.15	0.13	0.15	0.13	0.13	0.14
rssmax: 48364	48364	48364	48360	48428	48432
memavg 0	0	0	0	0	0
nswitch: 1	1	1	1	1	1
nwait: 1219	1228	1222	1237	1201	1200
nread: 242952	242984	242984	242984	242984	242976
nwrite: 0	0	0	0	0	0
