./cms -c 4 -i /data/jblomer/data/calibration/ttjet_13tev_june2019~none.ntuple (0)	(0)	(0)	(0)	(0)	(0)
realtime: .09112900000000000000	.08764000000000000000	.08890100000000000000	.09022400000000000000	.09202600000000000000	.08560000000000000000
usertime: 0.15	0.13	0.14	0.14	0.13	0.14
kerneltime: 0.15	0.15	0.15	0.14	0.15	0.15
rssmax: 48364	48364	48432	48360	48428	48360
memavg 0	0	0	0	0	0
nswitch: 5	3	4	2	3	8
nwait: 1254	1265	1220	1253	1244	1255
nread: 242976	242984	242984	242984	242984	242904
nwrite: 0	0	0	0	0	0
