./cms -c 16 -i /data/jblomer/data/calibration/ttjet_13tev_june2019~zstd.ntuple (0)	(0)	(0)	(0)	(0)	(0)
realtime: .08539000000000000000	.08612400000000000000	.08562700000000000000	.10683600000000000000	.08625500000000000000	.08571500000000000000
usertime: 0.18	0.17	0.18	0.18	0.20	0.18
kerneltime: 0.14	0.15	0.14	0.15	0.16	0.14
rssmax: 48472	48468	48468	48468	48468	48472
memavg 0	0	0	0	0	0
nswitch: 2	2	4	11	8	2
nwait: 1518	1605	1573	1645	1672	1627
nread: 95448	95448	95448	95448	95392	95448
nwrite: 0	0	0	0	0	0
