./cms -c 32 -i /data/jblomer/data/calibration/ttjet_13tev_june2019~zstd.ntuple (0)	(0)	(0)	(0)	(0)	(0)
realtime: .09768900000000000000	.09713700000000000000	.08652300000000000000	.08843900000000000000	.08930100000000000000	.08876400000000000000
usertime: 0.18	0.18	0.18	0.19	0.18	0.18
kerneltime: 0.16	0.16	0.15	0.14	0.16	0.17
rssmax: 48468	48472	48472	48472	48468	48472
memavg 0	0	0	0	0	0
nswitch: 1	5	2	2	3	1
nwait: 2302	2280	2190	2247	2157	2195
nread: 95448	95448	95312	95448	95448	95424
nwrite: 0	0	0	0	0	0
