./cms -c 8 -i /data/jblomer/data/calibration/ttjet_13tev_june2019~zstd.ntuple (0)	(0)	(0)	(0)	(0)	(0)
realtime: .08538200000000000000	.08528100000000000000	.08480300000000000000	.08471300000000000000	.10454700000000000000	.09309300000000000000
usertime: 0.18	0.16	0.17	0.18	0.20	0.19
kerneltime: 0.10	0.10	0.09	0.11	0.10	0.10
rssmax: 48468	48472	48468	48472	48472	48472
memavg 0	0	0	0	0	0
nswitch: 2	1	1	4	1	4
nwait: 1220	1177	1176	1214	1159	1176
nread: 95416	95448	95448	95448	95448	95448
nwrite: 0	0	0	0	0	0
