ntuple+direct-lz4 4.84627100000000000000 4.84701200000000000000 4.90538000000000000000 4.83825400000000000000 4.88815500000000000000 6.72190600000000000000
root+direct-lz4 7.05249800000000000000 6.96068000000000000000 7.44913500000000000000 6.66897500000000000000 7.43125000000000000000 8.72404600000000000000
ntuple+direct-lzma 12.32716800000000000000 12.27437000000000000000 11.91846100000000000000 12.35095700000000000000 11.94629300000000000000 11.97941400000000000000
root+direct-lzma 18.21017100000000000000 17.40462900000000000000 18.02859100000000000000 17.84715700000000000000 16.89418400000000000000 16.93777400000000000000
ntuple+direct-none 6.68123300000000000000 9.20500700000000000000 6.78980700000000000000 6.72254100000000000000 6.80646600000000000000 6.76497700000000000000
root+direct-none 10.70753200000000000000 10.62383600000000000000 10.75477400000000000000 10.80637500000000000000 10.87611300000000000000 10.71290800000000000000
ntuple+direct-zlib 5.06054800000000000000 6.21918200000000000000 5.14420000000000000000 5.11902500000000000000 5.10284800000000000000 5.00244600000000000000
root+direct-zlib 12.41755200000000000000 12.44564800000000000000 12.78821100000000000000 12.56390200000000000000 12.19645500000000000000 12.22222500000000000000
ntuple+direct-zstd 5.16747800000000000000 5.01774300000000000000 5.10942800000000000000 5.05061500000000000000 5.12571400000000000000 5.15919100000000000000
root+direct-zstd 6.06985800000000000000 5.83288600000000000000 6.21200100000000000000 5.97873600000000000000 5.93392800000000000000 6.43951300000000000000
