./h1 -c 64 -i /data/jblomer/data/calibration/h1dstX10~none.ntuple (0)	(0)	(0)	(0)	(0)	(0)
realtime: .31570100000000000000	.32127100000000000000	.32279500000000000000	.32377900000000000000	.30545600000000000000	.30643100000000000000
usertime: 0.26	0.26	0.27	0.28	0.27	0.24
kerneltime: 1.65	1.73	1.64	1.54	1.40	1.44
rssmax: 61560	61552	61564	61288	61564	61564
memavg 0	0	0	0	0	0
nswitch: 2	5	1	28	9	6
nwait: 4887	4808	4525	5135	4789	5128
nread: 1105920	1105920	1105912	1105920	1105984	1105984
nwrite: 0	0	0	0	0	0
