cms+direct-lz4 .06039000000000000000 .05142200000000000000 .06388400000000000000 .04676600000000000000 .04991900000000000000 .05105700000000000000
cms+direct-none .03274700000000000000 .03805600000000000000 .03823000000000000000 .03505200000000000000 .03839500000000000000 .05037800000000000000
cms+mmap-lz4 .14623900000000000000 .14351800000000000000 .12049000000000000000 .15154300000000000000 .14943000000000000000 .14353400000000000000
cms+mmap-none .17673300000000000000 .18399900000000000000 .16588100000000000000 .16359000000000000000 .18097400000000000000 .16012700000000000000
h1X10+direct-lz4 .16742300000000000000 .17464000000000000000 .18329500000000000000 .17178000000000000000 .17719600000000000000 .17518800000000000000
h1X10+direct-none .07886500000000000000 .08592600000000000000 .09418200000000000000 .09678000000000000000 .08430600000000000000 .08258000000000000000
h1X10+mmap-lz4 .26736600000000000000 .26891200000000000000 .29182800000000000000 .27324200000000000000 .26743000000000000000 .27410700000000000000
h1X10+mmap-none .16385700000000000000 .19820000000000000000 .17222900000000000000 .17152300000000000000 .16634700000000000000 .17187900000000000000
lhcb+direct-lz4 .45031100000000000000 .48136200000000000000 .47023800000000000000 .47668700000000000000 .49014300000000000000 .45013200000000000000
lhcb+direct-none .23258900000000000000 .23639200000000000000 .24539300000000000000 .24291000000000000000 .24199000000000000000 .23953600000000000000
lhcb+mmap-lz4 .59569400000000000000 .70659300000000000000 .62460500000000000000 .66960100000000000000 .58128700000000000000 .64336600000000000000
lhcb+mmap-none .19933000000000000000 .19735500000000000000 .20296400000000000000 .19869800000000000000 .20838500000000000000 .20595300000000000000
