./cms -c1 -i /data/jblomer/data/calibration/ttjet_13tev_june2019~none.ntuple (0)	(0)	(0)	(0)	(0)	(0)
realtime: .20145100000000000000	.21011400000000000000	.20813900000000000000	.20701800000000000000	.20305400000000000000	.19987000000000000000
usertime: 0.20	0.20	0.19	0.19	0.20	0.18
kerneltime: 0.12	0.14	0.13	0.12	0.12	0.13
rssmax: 48360	49576	49580	50472	49576	49572
memavg 0	0	0	0	0	0
nswitch: 1	1	3	2	2	1
nwait: 1189	1143	1185	1166	1186	1174
nread: 242944	242944	242944	242872	242944	242944
nwrite: 0	0	0	0	0	0
