./cms -c 1 -i /data/jblomer/data/calibration/ttjet_13tev_june2019~none.ntuple (0)	(0)	(0)	(0)	(0)	(0)
realtime: .20377700000000000000	.20259900000000000000	.20533500000000000000	.19891600000000000000	.20115100000000000000	.19862900000000000000
usertime: 0.20	0.19	0.19	0.20	0.18	0.21
kerneltime: 0.13	0.13	0.13	0.12	0.13	0.12
rssmax: 49584	48428	49760	48364	48432	48364
memavg 0	0	0	0	0	0
nswitch: 2	1	1	1	1	2
nwait: 1181	1163	1157	1181	1187	1175
nread: 242944	242944	242984	242984	242984	242984
nwrite: 0	0	0	0	0	0
