./cms -c1 -i /data/jblomer/data/calibration/ttjet_13tev_june2019~lzma.ntuple (0)	(0)	(0)	(0)	(0)	(0)
realtime: .96280100000000000000	.99172400000000000000	.96334000000000000000	.95733500000000000000	1.00040900000000000000	.93770900000000000000
usertime: 1.16	1.20	1.18	1.14	1.22	1.14
kerneltime: 0.06	0.05	0.05	0.06	0.07	0.06
rssmax: 48508	48508	48508	48508	48508	48508
memavg 0	0	0	0	0	0
nswitch: 3	3	1	1	2	2
nwait: 1021	1021	1020	1027	1023	1022
nread: 86184	86184	86184	86184	86184	86432
nwrite: 0	0	0	0	0	0
