./cms -c1 -i /data/jblomer/data/calibration/ttjet_13tev_june2019~zstd.ntuple (0)	(0)	(0)	(0)	(0)	(0)
realtime: .11713000000000000000	.12442600000000000000	.12548500000000000000	.12863100000000000000	.12168300000000000000	.12301000000000000000
usertime: 0.18	0.19	0.19	0.18	0.17	0.20
kerneltime: 0.07	0.06	0.06	0.07	0.07	0.05
rssmax: 48468	48468	48468	48468	48468	48468
memavg 0	0	0	0	0	0
nswitch: 2	1	1	5	1	2
nwait: 1050	1047	1048	1049	1047	1048
nread: 95152	95152	95152	95152	95152	95152
nwrite: 0	0	0	0	0	0
