ntuple+direct-lz4 .66142300000000000000 .66705900000000000000 .65451200000000000000 .67461900000000000000 .67849100000000000000 .68868800000000000000
root+direct-lz4 .94915900000000000000 .96350000000000000000 .95391600000000000000 .94354900000000000000 .94447200000000000000 .94304600000000000000
ntuple+direct-lzma 9.40838300000000000000 9.71705500000000000000 9.44014100000000000000 9.46761100000000000000 9.59987200000000000000 9.58325700000000000000
root+direct-lzma 10.75612400000000000000 10.87803400000000000000 10.29466900000000000000 10.80393600000000000000 10.69963100000000000000 10.70874200000000000000
ntuple+direct-none .84971300000000000000 .84465700000000000000 .84442400000000000000 .87093600000000000000 .84061200000000000000 .85194900000000000000
root+direct-none 1.13505000000000000000 1.13189800000000000000 1.13381300000000000000 1.12679000000000000000 1.12549200000000000000 1.12660400000000000000
ntuple+direct-zlib 1.26797100000000000000 1.30106100000000000000 1.28529600000000000000 1.33547000000000000000 1.29527500000000000000 1.29391600000000000000
root+direct-zlib 2.37856600000000000000 2.43364100000000000000 2.47432800000000000000 2.45767100000000000000 2.54808300000000000000 2.45246500000000000000
ntuple+direct-zstd .65646600000000000000 .74064300000000000000 .71884200000000000000 .75926900000000000000 .65691800000000000000 .70165800000000000000
root+direct-zstd 1.09114200000000000000 1.08386300000000000000 1.11653200000000000000 1.12032100000000000000 1.12065200000000000000 1.13514000000000000000
